  3.7000000e+001  2.0000000e+000  2.2800000e+002  5.2000000e+001
  9.0000000e+000  0.0000000e+000  4.8300000e+002  0.0000000e+000
  1.5000000e+001  1.0000000e+000  6.6100000e+002  0.0000000e+000
  6.9000000e+001  2.0000000e+000  3.1800000e+002  4.9000000e+001
  8.8000000e+001  2.0000000e+000  7.7000000e+002  6.9000000e+001
  9.8000000e+001  1.0000000e+000  1.8300000e+002  0.0000000e+000
  8.2000000e+001  0.0000000e+000  4.9900000e+002  0.0000000e+000
  4.2000000e+001  2.0000000e+000  7.9500000e+002  6.7000000e+001
  6.2000000e+001  1.0000000e+000  7.5000000e+002  0.0000000e+000
  1.8000000e+001  1.0000000e+000  3.0600000e+002  0.0000000e+000
  7.8000000e+001  0.0000000e+000  6.4700000e+002  0.0000000e+000
  9.2000000e+001  1.0000000e+000  1.5700000e+002  0.0000000e+000
  2.4000000e+001  2.0000000e+000  1.2600000e+002  9.2000000e+001
  6.1000000e+001  0.0000000e+000  2.7500000e+002  0.0000000e+000
  1.7000000e+001  2.0000000e+000  9.0000000e+001  4.7000000e+001
  1.0000000e+000  2.0000000e+000  6.2100000e+002  1.5000000e+001
  2.9000000e+001  2.0000000e+000  7.4700000e+002  4.8000000e+001
  8.7000000e+001  2.0000000e+000  2.5700000e+002  6.2000000e+001
  7.1000000e+001  0.0000000e+000  8.5600000e+002  0.0000000e+000
  8.1000000e+001  1.0000000e+000  7.0000000e+002  0.0000000e+000
  2.9000000e+001  1.0000000e+000  5.9200000e+002  0.0000000e+000
  1.1000000e+001  1.0000000e+000  5.9800000e+002  0.0000000e+000
  3.4000000e+001  0.0000000e+000  2.8100000e+002  0.0000000e+000
  8.6000000e+001  2.0000000e+000  2.3800000e+002  9.7000000e+001
  8.7000000e+001  0.0000000e+000  1.6500000e+002  0.0000000e+000
  1.3000000e+001  1.0000000e+000  6.9300000e+002  0.0000000e+000
  6.7000000e+001  1.0000000e+000  4.7100000e+002  0.0000000e+000
  9.0000000e+001  1.0000000e+000  5.7300000e+002  0.0000000e+000
  4.8000000e+001  1.0000000e+000  8.7800000e+002  0.0000000e+000
  5.8000000e+001  0.0000000e+000  8.5100000e+002  0.0000000e+000
  9.8000000e+001  0.0000000e+000  5.8000000e+002  0.0000000e+000
  2.3000000e+001  2.0000000e+000  2.2500000e+002  8.4000000e+001
  5.5000000e+001  1.0000000e+000  3.6000000e+002  0.0000000e+000
  3.1000000e+001  2.0000000e+000  5.7200000e+002  6.2000000e+001
  6.4000000e+001  2.0000000e+000  7.2600000e+002  8.0000000e+001
  8.3000000e+001  0.0000000e+000  7.6500000e+002  0.0000000e+000
  9.3000000e+001  2.0000000e+000  6.8300000e+002  1.3000000e+001
  7.8000000e+001  0.0000000e+000  8.3700000e+002  0.0000000e+000
  2.3000000e+001  0.0000000e+000  5.7900000e+002  0.0000000e+000
  3.4000000e+001  2.0000000e+000  1.1500000e+002  5.8000000e+001
  9.0000000e+001  0.0000000e+000  5.6100000e+002  0.0000000e+000
  3.6000000e+001  2.0000000e+000  2.4400000e+002  6.0000000e+001
  3.0000000e+001  0.0000000e+000  4.9800000e+002  0.0000000e+000
  2.0000000e+000  2.0000000e+000  3.2700000e+002  7.6000000e+001
  9.5000000e+001  0.0000000e+000  8.9000000e+002  0.0000000e+000
  1.3000000e+001  1.0000000e+000  3.7000000e+002  0.0000000e+000
  4.4000000e+001  0.0000000e+000  3.2400000e+002  0.0000000e+000
  6.4000000e+001  1.0000000e+000  8.8000000e+001  0.0000000e+000
  3.2000000e+001  0.0000000e+000  6.7000000e+002  0.0000000e+000
  1.7000000e+001  1.0000000e+000  1.3900000e+002  0.0000000e+000
  9.9000000e+001  0.0000000e+000  2.2600000e+002  0.0000000e+000
  5.1000000e+001  1.0000000e+000  1.1500000e+002  0.0000000e+000
  7.2000000e+001  2.0000000e+000  6.8300000e+002  6.3000000e+001
  6.9000000e+001  0.0000000e+000  4.2200000e+002  0.0000000e+000
  7.9000000e+001  0.0000000e+000  9.0600000e+002  0.0000000e+000
  3.6000000e+001  2.0000000e+000  4.6900000e+002  3.7000000e+001
  1.4000000e+001  2.0000000e+000  5.1800000e+002  9.7000000e+001
  3.4000000e+001  2.0000000e+000  3.3500000e+002  8.7000000e+001
  9.4000000e+001  0.0000000e+000  8.1600000e+002  0.0000000e+000
  8.0000000e+001  0.0000000e+000  7.5200000e+002  0.0000000e+000
  1.0000000e+002  1.0000000e+000  9.4100000e+002  0.0000000e+000
  3.6000000e+001  0.0000000e+000  3.4200000e+002  0.0000000e+000
  6.4000000e+001  2.0000000e+000  4.0800000e+002  4.8000000e+001
  7.6000000e+001  0.0000000e+000  8.0500000e+002  0.0000000e+000
  6.0000000e+000  2.0000000e+000  6.5900000e+002  2.1000000e+001
  3.6000000e+001  2.0000000e+000  1.6400000e+002  3.0000000e+000
  1.4000000e+001  0.0000000e+000  2.9700000e+002  0.0000000e+000
  1.0000000e+001  0.0000000e+000  1.1400000e+002  0.0000000e+000
  4.7000000e+001  0.0000000e+000  4.8900000e+002  0.0000000e+000
  8.4000000e+001  1.0000000e+000  6.3400000e+002  0.0000000e+000
  7.2000000e+001  0.0000000e+000  7.0800000e+002  0.0000000e+000
  5.8000000e+001  1.0000000e+000  9.5300000e+002  0.0000000e+000
  3.4000000e+001  0.0000000e+000  6.3000000e+001  0.0000000e+000
  5.7000000e+001  2.0000000e+000  6.6800000e+002  4.4000000e+001
  8.0000000e+000  1.0000000e+000  2.7200000e+002  0.0000000e+000
  4.7000000e+001  2.0000000e+000  2.4100000e+002  2.8000000e+001
  5.0000000e+000  1.0000000e+000  9.2300000e+002  0.0000000e+000
  7.2000000e+001  1.0000000e+000  6.3500000e+002  0.0000000e+000
  7.5000000e+001  1.0000000e+000  1.2300000e+002  0.0000000e+000
  1.0000000e+000  1.0000000e+000  9.2400000e+002  0.0000000e+000
  5.7000000e+001  0.0000000e+000  6.6300000e+002  0.0000000e+000
  4.6000000e+001  2.0000000e+000  2.5000000e+002  5.7000000e+001
  1.0000000e+001  1.0000000e+000  8.8400000e+002  0.0000000e+000
  1.7000000e+001  0.0000000e+000  7.4900000e+002  0.0000000e+000
  8.3000000e+001  2.0000000e+000  4.8400000e+002  1.9000000e+001
  4.5000000e+001  0.0000000e+000  2.8300000e+002  0.0000000e+000
  9.6000000e+001  0.0000000e+000  7.4100000e+002  0.0000000e+000
  6.8000000e+001  0.0000000e+000  3.9600000e+002  0.0000000e+000
  8.9000000e+001  1.0000000e+000  2.4500000e+002  0.0000000e+000
  5.8000000e+001  2.0000000e+000  4.5400000e+002  4.0000000e+000
  3.2000000e+001  0.0000000e+000  8.3700000e+002  0.0000000e+000
  4.4000000e+001  1.0000000e+000  8.0100000e+002  0.0000000e+000
  3.3000000e+001  2.0000000e+000  4.3600000e+002  2.1000000e+001
  4.0000000e+000  0.0000000e+000  2.0400000e+002  0.0000000e+000
  1.1000000e+001  1.0000000e+000  7.7000000e+001  0.0000000e+000
  3.5000000e+001  1.0000000e+000  9.5000000e+002  0.0000000e+000
  3.2000000e+001  0.0000000e+000  9.2100000e+002  0.0000000e+000
  1.0000000e+002  2.0000000e+000  8.1200000e+002  5.9000000e+001
  9.9000000e+001  1.0000000e+000  4.1100000e+002  0.0000000e+000
  8.4000000e+001  0.0000000e+000  1.9900000e+002  0.0000000e+000
